#data
a = [
[0, 3, 2, -2, 1, 3, 3, -3, 3, 3, 2, 3, 2, 2, 1, 2, 2, 3, 2, 3, 2, 3, 1, 3],
[-3, 0, -2, 2, -2, 0, -2, 2, 0, -2, -1, -3, -1, -2, 0, -2, 0, 0, 0, -2, 1, -2, 0, -3],
[2, -2, 0, -3, 0, 3, 2, -2, 1, 2, 2, 1, 2, 2, 0, 3, 2, 2, 2, 2, 2, 1, 1, 2],
[-2, -2, 3, 0, 0, 0, -2, 2, 0, -2, -2, -2, -2, -1, 0, -2, -2, 0, -2, -2, 0, -1, 1, -3],
[3, -3, 2, -2, 0, 1, 2, -2, 3, 2, 1, 2, 2, 2, 2, 2, 1, 3, 1, 2, 3, 2, 3, 2],
[2, -2, 2, -2, 3, 0, 2, -2, 2, 2, 2, 3, 2, 3, 1, 3, 3, 2, 3, 2, 2, 2, 1, 3],
[2, -2, 3, -3, 2, 3, 0, -2, 2, 2, 3, 3, 3, 3, 3, 3, 2, 3, 3, 2, 1, 1, 1, 3],
[-2, 2, -3, 3, -3, 0, 2, 0, 0, -1, -2, -2, -2, -1, -2, -2, -3, 0, -3, -1, 1, 1, 0, -3],
[2, -2, 1, -1, 3, 1, 1, -1, 0, 1, 1, 1, 1, 1, 3, 1, 1, 1, 2, 1, 3, 1, 3, 1],
[1, -1, 0, 0, 2, 1, 1, -1, 1, 0, 2, 2, 3, 3, 1, 2, 1, 0, 1, 1, 1, 0, 2, 3],
[1, -1, 2, -2, 1, 0, 3, -3, 1, 2, 0, 1, 2, 3, 0, 1, 2, 0, 2, 2, 1, 0, 1, 3],
[2, -2, 2, -2, 3, 1, 3, -3, 2, 2, 2, 0, 2, 2, 3, 3, 1, 1, 1, 1, 2, 0, 3, 1],
[1, -1, 2, -2, 1, 2, 2, -2, 0, 1, 3, 1, 0, 3, 1, 2, 1, 0, 1, 1, 1, 0, 1, 2],
[2, -2, 2, -2, 1, 2, 2, -2, 0, 1, 2, 2, 3, 0, 1, 3, 0, 0, 0, 2, 2, 0, 2, 3],
[2, -2, 0, 0, 3, 0, 0, 0, 0, 3, 0, 2, 0, 1, 0, 1, 2, 1, 2, 0, 3, 1, 2, 0],
[1, -1, 1, -1, 1, 3, 2, -2, 0, 1, 2, 2, 2, 3, 1, 0, 2, 0, 2, 0, 1, 0, 2, 3],
[0, 0, 0, 0, 0, 1, 1, -1, 1, 0, 0, 1, 1, 0, 2, 1, 0, 0, 3, 0, 2, 1, 0, 0],
[2, -2, 0, 0, 1, 0, 2, -2, 1, 1, 1, 2, 0, 0, 2, 0, 0, 0, 1, 0, 1, 3, 3, 0],
[1, -1, 0, 0, 1, 2, 1, -1, 0, 1, 1, 1, 1, 0, 2, 1, 0, 2, 0, 0, 1, 1, 1, 2],
[2, -2, 1, -1, 2, 2, 1, -1, 2, 2, 2, 2, 2, 2, 0, 3, 2, 3, 3, 0, 1, 2, 1, 2],
[3, -3, 1, -1, 3, 1, 1, -1, 3, 0, 1, 0, 0, 1, 3, 0, 2, 1, 2, 0, 0, 0, 1, 1],
[1, -1, 0, 0, 1, 0, 0, 0, 1, 1, 0, 0, 1, 1, 0, 0, 0, 3, 0, 2, 0, 0, 2, 0],
[1, -1, 1, -1, 1, 0, 1, -1, 1, 3, 1, 1, 0, 1, 0, 0, 0, 3, 2, 1, 1, 2, 0, 1],
[2, -2, 2, -2, 2, 1, 2, -2, 1, 3, 3, 3, 3, 3, 1, 0, 2, 1, 2, 1, 0, 0, 1, 0]
]

b = [10, 10, 10, 10, 10, 10, 10, 10, 10, 10, 10, 10, 10, 10, 10, 10, 10, 10, 10, 10, 10, 10, 10, 10]

bxy = [
[0.4745980707395498, 0.6197622192866579],
[0.47633440514469455, 0.5098426804371322],
[0.2586311437758383, 0.6173844121532365],
[0.2604501607717042, 0.4991425483367358],
[0.47005052824988514, 0.7328161402666026], 
[0.4673220027560863, 0.3876017773507865],
[0.6846945337620579, 0.6206268764260838],
[0.684281120808452, 0.49871021976702284],
[0.2549104271933854, 0.8535438933589528],
[0.09119889756545704, 0.9028293503062327],
[0.25292604501607713, 0.9498450822625195],
[0.48179145613229213, 0.9081253752852168],
[0.8545245751033533, 0.7928017293142788],
[0.6810564997703261, 0.9498450822625195],
[0.6810564997703261, 0.8535438933589528],
[0.8999999999999999, 0.9045586645850846],
[0.2549104271933854, 0.26860333853728824],
[0.2638401469912724, 0.07999999999999996],
[0.29211759301791457, 0.1761931067611383],
[0.6810564997703261, 0.26860333853728824],
[0.09119889756545704, 0.205591449501621],
[0.48129536058796507, 0.18224570673712015],
[0.47699586587046394, 0.09794163564308866],
[0.7555535140101056, 0.16668187822745273]
]

bname = ['PIR', 'NIR', '+ mem', '- mem', 'coop', '- process', '+ expect', '- expect', 'crosscut', 'norms', 'p-edu', 'shared id', 'p-ceremo', 'p-vision', 'gov', 'p-leaders', 'justice', '= resourc', 'law', 'safety', 'info flow', 'needs', 'sustain', '- violence']

btext = ['PIR', 'NIR', '+ mem', '- mem', 'coop', '- process', '+ expect', '- expect', 'crosscut', 'norms', 'p-edu', 'shared id', 'p-ceremo', 'p-vision', 'gov', 'p-leaders', 'justice', '= resourc', 'law', 'safety', 'info flow', 'needs', 'sustain', '- violence']
