                                                                                                                        
                                                          1                                                             
                                                                                                                        
                                                          2                                                             
                                                                                                                        
                                                          3                                                             
                                                                                                                        
                                                          4                                                             
                                                                                                                        
                                                                                                                        
                                                                                                                        
                                                                                                                        
                                     8  8  8  8  8  8  8  8  8  8  8  8  8  8  8  8                                     
                                     8  8  8  8  8  8  8  8  8  8  8  8  8  8  8  8                                     
                                                                                  8                                     
                                  7  7                                                                                  
                                  7                                               7  7                                  
                                                                                     7                                  
                               6  6                                                                                     
                               6                                                     6  6                               
                                                                                                                        
                                                                                                                        
                                                                                                                        
                                                                                                                        
                                                                                                                        
                                                                                                                        
                                                                                                                        
                                                                                                                        
                                                                                                                        
                                                                                                                        
